1 0001 010417 10001 00003                        
1 0002 020609 10002 00069                        
9 0003 030210 10003 00021                        
A A001 A00401 A0004 A0020                        
                                                 
A ABCD 040A01 0000A 0000A                        
3 EFGH 05030A 00A03 00A02                        
  0004 060928 10004 00001                        
1      070505 10005 00004                        
1 0005        10006 00005                        
1 0006 081113       00006                        
1 0007 090611 10007                              
